0000000000000000000181336822073281400545475019536756505896607962116311637563776352625961486002578155265194478542783661282312961122000000000000000000000
000000000000000000141430216022992390545325036543357746023624663996515659466316620686265686455633661415913561552344786422635042252578171100000000000000000000
000000000000000000141430216022992390545325036543357746023624663996515659466316620686265686455633661415913561552344786422635042252578171100000000000000000000
000000000000000000141430216022992390545325036543357746023624663996515659466316620686265686455633661415913561552344786422635042252578171100000000000000000000
000000000000000000101822016022992390545325036543357756025624763986512659366316620686565686453633761415910561552344786422635042252578171100000000000000000000
000000000000000000101822014292995391045315034553958906120624963586477654565856618683665096419623160155753547252384787422435042252374181000000000000000000000
000000000000000000101822014342994397345815447558158355986618763606476654465836619683665096442627060955856553451064788422735092200374181000000000000000000000
000000000000000000101822414303062416246324925535259595988618363606476654465836619683665096442627260975852553351474938391834572204371181000000000000000000000
000000000000000000101822814543275417344464931535159266243618263586475654465836621683665096443627260945852553254024688403833232203375181000000000000000000000
000000000000000000102022214543618409944494934534757056305648763846476653665836812677564886411627360975847579153944682405235332234370181000000000000000000000
000000000000000000102321916243279396946595044546257956054648765796388646865336797677567096329617859425965579151434684405033772393376141000000000000000000000
00000000000000000062526418343283371448245338546157945995635565166388646765336800677467076326620459865970571551624691404034882284376141000000000000000000000
00000000000000000062712418923278376545725332557656715865635365186642646565346799677367106326620062335977537050924810431333842120375151000000000000000000000
000000000000000000825173169632033871457153285455582058676100651766326614653867406708667963266413623659725393497447244444313721243797700000000000000000000
0000000000000000006271791650339841114574494055155886616761266517657066316496671766826595620262956128598053845112476244393132227847815700000000000000000000
0000000000000000008283291718295941034758494755515883616461336518657066316437668866736595621062956128601953885243466640183168228330413700000000000000000000
0000000000000000008212271857313941074658508352975881603761956385650566346682668766756595647162976078584254585332468040213501229030291100000000000000000000
000000000000000000112517821393201385647025086555258816037619764386508663267776626664365926472628960835814553553334686406634862069302131100000000000000000000
0000000000000000005183291663325241664697508655515923595661956631650965936874662666426569647262896085578254155211445439263503183329513700000000000000000000
00000000000000000052436419843252418245265157548459155957619766316508653167866769653766976355616360795812541352114755404733841833294151100000000000000000000
000000000000000000112418919873048401044475158548456586209619665726626653167826813650966886560616361475842542852554757404431652043418131100000000000000000000
0000000000000000009181402015307940034446537854825662621361986572662764696718678165126692655960926076584254315247458240813177214229413700000000000000000000
0000000000000000005232942036323841324564497855025663621362106442658666016718677865566645655962736076568555895247458641743182213129814700000000000000000000
0000000000000000007233301864323740014564491455015665606862026443659066606716669667876622653263476078568155935181467441803356211532514700000000000000000000
0000000000000000009183611869324538964714491355525818606662016700659265276661660868236502638361646095570055925188471641633355186845825900000000000000000000
0000000000000000005172112020343339444769506355485812620262066570653865546821660868276472656661616097581654175001458739483176191628614900000000000000000000
0000000000000000005182942102322639954808506056945812620262066529659665546821660467836483656661606095581954215037458938143301184522422500000000000000000000
0000000000000000005254322192317639924774506057395631619563146529659167126741664967836477654961106168581954995036458639223278185823019700000000000000000000
0000000000000000005273392058317641064697498354805844619563146419659767166741673765686620654861136044569756185081466139743250199819519900000000000000000000
0000000000000000009211961885318141104633512054805841613861926562659768816607686365686704633764916044569655585070473439793185198540522600000000000000000000
000000000000000000521971886328641984424517753065841607561966611659767486601681665696697633563886045575855584864479940613057173952028200000000000000000000
0000000000000000004244831989328939814503517453905769607461986615640266706660682665736707634163626045575855585002479640563074214726223400000000000000000000
0000000000000000008363392142329540394537517853915754607462906463654766706722670565716616644263636045588655545002456740743061206423326600000000000000000000
0000000000000000004222612070313439764533526753925799607862786464653966766722670567476616644162536140588354195002460940883058205622622600000000000000000000
0000000000000000004222282282303440004531520653145799607762776397654866746879657267346435659662195936588654355026461040863175217436421200000000000000000000
0000000000000000006243221960307840454610521254095805612962776530668667996752662767346433652463545940600054384987467641683172213737322600000000000000000000
0000000000000000006233921999307540534643524054705809617462206536669065616750676667526612652363375931590454394987472841703169218524225200000000000000000000
0000000000000000002332522091317741214643526154695893617462896533669065616632676867526613643563375938588154415042473041793228218524327200000000000000000000
0000000000000000002352942298338441224559486654565822622862766505667965616635681067536742643163356131588454375038454339063291220925625200000000000000000000
0000000000000000004304001987323641214617486555205819621462756371654965576765679964976742645462706172588855085038454238953291197041224600000000000000000000
0000000000000000002302562074334639984620485755365820604362026444655266486763667268656563657363346246588054165053455039353158201035523400000000000000000000
0000000000000000002252282165315540454622488955375870604361306359655467646654680868076567643061806258589154155052456639643156221915922700000000000000000000
0000000000000000000232981969312440364442492153325931604163636366655167626516668367976570636764106187574554405087456539653192199345920200000000000000000000
0000000000000000000292272174329538604445492253645752606163636407666966416837663167996632656263596006574554175097456240063217193424922800000000000000000000
0000000000000000000212522030317239054454491253665749607363636549662466456691662868126630657063636040574154725096436337793218203715520400000000000000000000
0000000000000000000262831991313038904456494853635707607762886545663166436800680266276766661862896045571553234893436237813115212918718800000000000000000000
0000000000000000001312282035309238574458495253935723607263756633665966296807669065026623662162886110582855495100436037813249208836522300000000000000000000
0000000000000000000202262131312738564465495253865718606963776588679666266630683567676621641062856111588555415076457939583182209616420500000000000000000000
0000000000000000003272021929330440724448495353865751610363776585660668036765669267646626640665566020588855155066457639843162201628618300000000000000000000
0000000000000000001342872166310840354451495353865783610162536455658168016644662267606674635564926229589155145070457539403162202530420900000000000000000000
0000000000000000005272312080325839544635496055115715610262716449658568096938663267606555654562836230592955225059457939493135219136016400000000000000000000
0000000000000000003313092040326139564605496254545682603363316331657767026728663066576556654762506133583955275036455239473365207635624500000000000000000000
0000000000000000004262051903325439904606496453895682609563286334661866556734689766586598662462186130587655275035455139083307224227121800000000000000000000
0000000000000000001301832015319939514604492653925711609663276430654166476699689966786596649362836066587654605035452839133312229233125500000000000000000000
0000000000000000001331371857302639514552518853915855610162596437654565756699689966786542649362786015582655185039470342523335231030523400000000000000000000
0000000000000000003262381766293938794519518353935855613462576439663366856701662666816584653364756026582655165012470842503307224845224600000000000000000000
0000000000000000001272461626299138634484516853025858621962916483663565516837663068146518644563486063595555155163466742023301228244520500000000000000000000
0000000000000000002211911773304838654481511253025861616962976543663265506833675967316626651663546131595755135161465641803199232428116600000000000000000000
0000000000000000005256918843053386244835047552456566167630565446562670668116754685266286479640861305961561851314629420231962233339251000000000000000000000
00000000000000000012618019413141391144045049552156656197616865376482670467936746668266556509640660685955555451314711413032202428385241300000000000000000000
0000000000000000002192351386309341054404501254245743619761676550648467026632674565516793636963536070580555515064492341143159215656322500000000000000000000
000000000000000000215671562312240144438501256105749608061686372654368466631689067076793636864836198567555504979492541213173198569220900000000000000000000
0000000000000000003266716942979399844384885559357496082638363866543659367616808670366486537637661985616574350844829405832602229421151000000000000000000000
00000000000000000022618216982984399545774879559457036076630566006549669267616715673566116537621261925811567950374830405833512315318191400000000000000000000
00000000000000000021819717133014391946185066556257046076612366046629669467576763673164836537621361925814554850364765401734402135391151100000000000000000000
0000000000000000002187416493194387946115064547458266079612166046529679767576547686565576674620960715814551450354831411733602090565101400000000000000000000
0000000000000000002181415623189381546104973543858286132612265986531679767266709687565576549621860665937551352944831411935022138586181800000000000000000000
00000000000000000022118512323004381745134915544057056136619564506563668967356710672766086571632462115806557752914733436835062187541151300000000000000000000
0000000000000000002257412873003406144135060541055646136619864496559668667326746669166096578632462125678558354164666436835162365579101300000000000000000000
0000000000000000002178214202985397044075208532655286136631164496562644367316746648066126651634162125647578554754602426833502375542111300000000000000000000
0000000000000000005141013482784383143185124546557196120613665876682656767316833656467506605620262095777561454034795433833172366581131700000000000000000000
0000000000000000001187813763220386642734955546559035932612965866714659968706842661967536598620162045776560952694801428235362181903121700000000000000000000
0000000000000000001177411713044386046354850539259075937612965916504659768896663661967386400632262015925560952154679418935662165574161700000000000000000000
0000000000000000002161011832925352746574930538758006117613064776505660269236662662465736400632261986100560954124876423237642328585121300000000000000000000
000000000000000000119101373283235554656493351285766608661896458650866026917672567186655653863966200584456085368491540823770262158871900000000000000000000
0000000000000000001167411592843377346954893538357626084620864646508663364796725671866556490639262045924566854334916406934642601465111900000000000000000000
000000000000000000116179162710375143424945550557576083607765156631671165336799675766596273639561715990555554324923445735262556779111500000000000000000000
00000000000000000011621916288636624295494255045757579560816513663067456534679867576667631863926292612455585171492345073501243085771500000000000000000000
0000000000000000001161310902812365842935148558356795834633665166630649365356797675767596403628163666123556451694871453935392428730172100000000000000000000
0000000000000000000171711232737369545425151532256835834630264996639648965666846683567586403627463616130576950554778433637652651754171710000000000000000000
000000000000000000017159022707362943774883532556855968641964986462649265676846683267596407627761106134576451844907433135512906750181610000000000000000000
000000000000000000017159052555405943874740524256836219646863696498656566226882684265026407624360665928581353294896433835102807789141710000000000000000000
000000000000000000013199052696384643914738519455836154643563696496656466226883684165036407629062055999593855884905432134102807747211710000000000000000000
000000000000000000012198012552384745214851518958446035614663376483657266226656688865836501637462025998569255875163411735632833747211710000000000000000000
000000000000000000012178042291359845255035551856555899614363396483657266226657689065816500637862025995569153384888443637592830745211710000000000000000000
000000000000000000012178002295352844105035544657876017614363396479657266236658689065816499637762045950558151804853447838122831748211710000000000000000000
000000000000000000012178002546352442824832529157066070626464486558662866596666688565826472633361346028577454195000447438112833963251710000000000000000000
000000000000000000013169972349352442784834529056585966618963826527661266626665691566296551642762666022577354235000447438112833963591530000000000000000000
000000000000000000013169972349352442784834529056585966618963826527661266626665691666316552642762666022577354235000447438112833963591530000000000000000000
000000000000000000013169972349352442784834529056585966618963826527661266626665691666316552642762666022577354235000447438112833963591530000000000000000000
000000000000000000013169972349352442784834529056585966618963826527661266626665691666316552642762666022577354235000447438112833963591530000000000000000000
00000000000000000001119492222635204250483553035676595162046380651266176655666669166632655864406247604157535440500044663804283514921711080000000000000000000
00000000000000000001119492222635204250483553035676595162046380651266176655666669166632655864406247604157535440500044663804283514921711080000000000000000000
00000000000000000001119492222635204250483553035676595162046380651266176655666669166632655864406247604157535440500044663804283514921711080000000000000000000
00000000000000000001119492222635204250483553035676595162046380651166166654666569166632655864406247604157535440500044663804283514921711080000000000000000000
00000000000000000001020295221435204250483552995678595261586276643465486626665169236633658964886328613458415437499944703804283514921331260000000000000000000
00000000000000000001020295216835194249481550525475583661426334646965546621665168936589651863796217603858835577518846023805283312781331260000000000000000000
00000000000000000001020294216635243984451754805601591161416334647065556621665168926588652063816217597857225547519449603947283112801331260000000000000000000
00000000000000000001023292217034154017465952205850616461426332646865586620665068916588652063796217598457085350520546694079315113341341560000000000000000000
00000000000000000001016296216633794057473552165591617163966286636664806553662168776848651764106249599557435596490944634073321615241321760000000000000000000
00000000000000000001017295210234434057472652205531575162426368636564816553662368786844651864116260605660545719491243353946321615581341760000000000000000000
00000000000000000001013299197330624309473551485345571563026486637664746550684768336777645764116262631560585460505044073947345315231311760000000000000000000
0000000000000000000618295211031784064493251555381579162976485663264726554684468336777640962976365615360255460504645114117319917141941490000000000000000000
0000000000000000000614174210731004063476852785709579060506486658464726548681067996764641762976401617157665462505047604081309117161961640000000000000000000
0000000000000000000618143208432313956436552815714578760196342650066256478678068026762641763846401618755885422535347683825323618223151670000000000000000000
00000000000000000001117142162633054132448452785714579158406331650166266476673568016762641565476395619056385525535349053820336819981431670000000000000000000
00000000000000000006141901622323741314670503256435792608863426490662967296737673266696492645463956195563355265184472638943428189413716120000000000000000000
0000000000000000000617284183829904012470149775510584761316300649065806601673166976621679664606395622158955518518046594059342117462881570000000000000000000
0000000000000000000917137178531663818470150535507584261326523634764976601665566616620679164006231619058875543505247834178356419413472070000000000000000000
00000000000000000005161831558324937684833490254715847606361416372649765996910666866326787640462316236590456105150456141583083196925815140000000000000000000
00000000000000000002221781628331938094718497854806030606361376598649767316839666868006759640462506223590456145302464641533095242634413130000000000000000000
0000000000000000000522114162931463857467949815426581458766138659864676681673765996731666563916480622156975620514746914296323223953471380000000000000000000
0000000000000000000719381587296038574510516854245855613961466570657467626732662866916665638564486226572456505131469342393304232934617120000000000000000000
0000000000000000000222861624289139644317527154755807614861416394656266796736673666986608641264486231594256635150480141903295213949220120000000000000000000
0000000000000000000220841591288739844319516653685757607661456390656668426741673166936573649562466236594756625211482741903418215267917140000000000000000000
00000000000000000005231161272303037824482502053645919607161366395657467166631683866876575668562276232591055335120482042773458228042612110000000000000000000
0000000000000000000318821409302437354481502553645766606861386552650267096633677266736745668562266235591055685123484040873462240449612130000000000000000000
000000000000000000011583150530153743455649575330555760746142655664956698671967686777663966596257623459105801515748294167342024066489140000000000000000000
0000000000000000000024881299294837684479476854775553606961466552638867036759676866776628662364196192591057965161488841693207260162911160000000000000000000
000000000000000000002355143428103825441047725507556660706124636466336703660867256610663065946400618058275799518049304169333126838167150000000000000000000
00000000000000000001215413782823382743464819551156706025612163686633661867016722680765426428640561835835567752885024425833402569102312120000000000000000000
0000000000000000000020111132288136694346494355125633602161166322656866866745671268706693663462006357582756735318480642963428262276812210000000000000000000
000000000000000000002455927284336654314494253075632606662516505669366616738679967096697662361946365582956925298483843183635255372962180000000000000000000
0000000000000000000023571111276335714312487153205629592162236505650966556736665466606663662363876162582357145230488043223629264910425150000000000000000000
00000000000000000001211112462836342743414794532056255920638163006516665067706589665767026514660161635876571452264939430536932617112515190000000000000000000
0000000000000000000018511312623342443464834532055575923616362976697658267786788673267146515655961665969571953034958433536922694112717160000000000000000000
0000000000000000000015119632472339843484912532055626025616862786624667567016839673466746559655961345954571953454989442737802800113075140000000000000000000
0000000000000000000016118922596347244024915538655666002617363896584675266986667666866606602649062605957579253464997442938002858120123180000000000000000000
0000000000000000000019159682599353641984867510055616005625463896588680066976708667366576679648762436142572153434805424037653002132118180000000000000000000
0000000000000000000015178942604360341884868510156216006635763886433678965646732668165276671649162066161572153494805424037602936131776130000000000000000000
0000000000000000000011238042545360641844904510454966009625163946593662468326737669466956612640562026143571753914803427038142804127473130000000000000000000
0000000000000000000013169182430355540904908514954936009624963286584662368366717668166736581640563476000568254184801429638532898149018151000000000000000000
00000000000000000000142161125723413411947005177549458016246643565136680673267126713670165856352623659695761541648324331369630091245138230000000000000000000
000000000000000000009167962521341441184700517655595801614764396512667867326648671367006500629062665967580554004832433136943005163814141000000000000000000
0000000000000000000010197372490346141214699499854485797614364336427657666606720672466796577649562836053581754464834434137052921143669221000000000000000000
0000000000000000000081756124053471416044795000545057956122643066296766665667466720660365846497618761285782525548374343371228931555144191000000000000000000
00000000000000000000102074724603245395444775001545258636124639764846548669267566712667166676521618659475590525448244344371530641654136231000000000000000000
0000000000000000000082056423793296395444775003558258566119639764796550669667376666664965256520627359475605522048244543392630971663225231000000000000000000
0000000000000000000082351523073296391544735177558257976175643564166617670566476747666066496530627659945813521650414545393230071816291231000000000000000000
0000000000000000000091738224523296391544725181556857976002621764146666665868986736670666136558622459975739543950264542393332611664147262000000000000000000
0000000000000000000051338221173331392744775180549857706095622065276649662766976736663065986579639660485748543851754537397131451880346191000000000000000000
0000000000000000000072038020413245392644765132549457716100627365656492662767016873663366766306639761525749540851904520396531561959229241000000000000000000
0000000000000000000081138222103200385944775087549559466037617665676570667167236796682664996496639561015811540251904527394532181934363204000000000000000000
0000000000000000000041325020773128385744775087550059466043637265756623664766636681683466376488648061055809540251894504388031601958286161000000000000000000
0000000000000000000031520220643267391646105080556557686142637864646627664566126681681766326469631460985698561851574664387832541954215191000000000000000000
0000000000000000000061923820643267391446105080550457666142644364606624675266156681681366326294631060375696554651544605387632581988304165000000000000000000
0000000000000000000041928321053191385046105037550757706048643964216646661368016683674166396375631160625695559451544609388734692123452175000000000000000000
0000000000000000000032124318513371385046124968548557706043636764276624663267956763660967146374655460715691561051094618402334092046395204000000000000000000
0000000000000000000032024818523377399545204969548356576068623464246616662866246708668166256566638160965814561051034621402534742170517208000000000000000000
0000000000000000000041519717123254392644764971548356586063607465256611663267376716668167406566638661875817561052544586412834112231515163000000000000000000
000000000000000000006209318353041399944735057543556446203607165306525663165866713669467406566620061735817545752374795410934022163335138000000000000000000
0000000000000000000002090190928813918447550575437564360396323632764576771672467366601667463816200615158305658516547013992340323483952213000000000000000000
0000000000000000000011922815362894391545074996553056446043632364886457659167286843660767166419623261515718565250374807418732632494536228000000000000000000
000000000000000000004219114622886387545064999559157446039631465456536658767276737669166156419624062145740565050344848418734532467713218000000000000000000
0000000000000000000052692171428143868455249405593574260956139654565406689672765896691651866186267620957355560515948504122364724666281812000000000000000000
0000000000000000000022494153529553722447649405440574560986111653365026498672464956731652766146268603559575585513648534139351124535551915000000000000000000
0000000000000000000012291152929563721455449365346574560906107652864716623676266156729656964816264615859515562530048594267346723378432012000000000000000000
0000000000000000000031842158729643850446850925339577660506111634465176634685767086844656564276261617459725560531746884327347224977781614000000000000000000
00000000000000000000223129129728953730443749155504577160906312634565126631668967076668656664606271624759655564548345984233334726017092014000000000000000000
0000000000000000000022591109628943736450249195452556660866311628365536631669267036674656166226253624759765589548546044382340825987011914000000000000000000
0000000000000000000002542123528163803450249135455553660806304628565536634651667386788646066226247605759785590518747634386353325687851917000000000000000000
0000000000000000000002044155427693801437148295427553660806321629367036667652167416766648966266243598959695633518349554386352125359711818000000000000000000
00000000000000000000220421100258938004371500054245752609860796293670565616608687665886488661962576169595456335183491043013682266710023718000000000000000000
0000000000000000000021842110125853731437348825424569360986094628367106556660966886581652064086268616959505839527750144132367927887933321000000000000000000
0000000000000000000002243962301437294418501153525732603960946272666465516611663166166634651666416222594756335278501343263541278410003421000000000000000000
0000000000000000000001647962301436004297501553475722603962726313644165986663669166156639651563836207595058245225497843293540255310833421100000000000000000
000000000000000000002181299628673542442750135350548060406275643763136598666366916508664165236379600159235757528247224440394325088833421100000000000000000
0000000000000000000001711116928223465449650885283549160466275643163316685674267356474663765236422609060805828547147204398394126428862929100000000000000000
000000000000000000000174994926383468450250255250542660416277618763166685674267446474663265346420609158725829547448054432360928059612628100000000000000000
0000000000000000000001717948263837224453485752935876599662316190631766906769679065406475664865266110587855795472506043743611290512503325100000000000000000
0000000000000000000001720772287337364223486152885916617360216190631366926771679265416476661565296345587455795351514446533608272212037532100000000000000000
0000000000000000000001420946270136884082474352985909618161436300633066886769678965416478639765216313580856745361495446543864272211377725400000000000000000
0000000000000000000001120777261337864241469654265830592161466315641967696811659965426488642663576333622357235356496243953748319411417325400000000000000000
0000000000000000000001123726240937884240469554315551585660876275642265006820662165916553648663606185622757225359495844003833300511437725400000000000000000
0000000000000000000001119730227336694442500751855544585960876278642265016820661865906554648863576188596959775361496142893688300411367925400000000000000000
0000000000000000000001118731227736274401499753815557585360926279642265016820661865916554648763566186597057205435509344673885300311377925400000000000000000
0000000000000000000001118729232634904220479052975741601462066291642365036820661865926555647663316122588155945413504345303885300611377925400000000000000000
0000000000000000000001217933232634884221478752555615590661546324645965526860662066336603651663996242603057525463504045303888300313107925400000000000000000
00000000000000000000012179332326348842214787525556155904615263246462655368626619663166026517640162396033575354635040453038883003131016121800000000000000000
00000000000000000000012179332326348842214787525556155904615263246462655368626619663166026517640162396033575354635040453038883003131016121800000000000000000
00000000000000000000012179332326348842214787525556155904615263246462655368626619663166026517640162396033575354635040453038883003131016121800000000000000000
